(kicad_pcb (version 20171130) (host pcbnew "(5.1.9)-1")

  (general
    (thickness 1.6)
    (drawings 22)
    (tracks 803)
    (zones 0)
    (modules 79)
    (nets 88)
  )

  (page A4)
  (title_block
    (title "RGBA - Reasonably Good Bluetooth Audio")
    (date 2021-03-06)
    (rev 1)
    (company "Fusha LLC")
  )

  (layers
    (0 F.Cu signal)
    (1 In1.Cu power)
    (2 In2.Cu power)
    (31 B.Cu signal)
    (32 B.Adhes user hide)
    (33 F.Adhes user hide)
    (34 B.Paste user hide)
    (35 F.Paste user hide)
    (36 B.SilkS user)
    (37 F.SilkS user)
    (38 B.Mask user hide)
    (39 F.Mask user hide)
    (40 Dwgs.User user)
    (41 Cmts.User user hide)
    (42 Eco1.User user hide)
    (43 Eco2.User user hide)
    (44 Edge.Cuts user hide)
    (45 Margin user hide)
    (46 B.CrtYd user)
    (47 F.CrtYd user)
    (48 B.Fab user hide)
    (49 F.Fab user hide)
  )

  (setup
    (last_trace_width 0.5)
    (user_trace_width 0.5)
    (trace_clearance 0.199)
    (zone_clearance 0.508)
    (zone_45_only no)
    (trace_min 0.19)
    (via_size 0.8)
    (via_drill 0.4)
    (via_min_size 0.4)
    (via_min_drill 0.2)
    (user_via 0.4 0.2)
    (uvia_size 0.3)
    (uvia_drill 0.1)
    (uvias_allowed no)
    (uvia_min_size 0.2)
    (uvia_min_drill 0.1)
    (edge_width 0.05)
    (segment_width 0.2)
    (pcb_text_width 0.3)
    (pcb_text_size 1.5 1.5)
    (mod_edge_width 0.12)
    (mod_text_size 1 1)
    (mod_text_width 0.15)
    (pad_size 0.65 1.14)
    (pad_drill 0)
    (pad_to_mask_clearance 0)
    (aux_axis_origin 0 0)
    (visible_elements 7FFFFF7F)
    (pcbplotparams
      (layerselection 0x010fc_ffffffff)
      (usegerberextensions false)
      (usegerberattributes true)
      (usegerberadvancedattributes true)
      (creategerberjobfile true)
      (excludeedgelayer true)
      (linewidth 0.100000)
      (plotframeref false)
      (viasonmask false)
      (mode 1)
      (useauxorigin false)
      (hpglpennumber 1)
      (hpglpenspeed 20)
      (hpglpendiameter 15.000000)
      (psnegative false)
      (psa4output false)
      (plotreference true)
      (plotvalue true)
      (plotinvisibletext false)
      (padsonsilk false)
      (subtractmaskfromsilk false)
      (outputformat 1)
      (mirror false)
      (drillshape 1)
      (scaleselection 1)
      (outputdirectory ""))
  )

  (net 0 "")
  (net 1 +3V3)
  (net 2 GND)
  (net 3 "Net-(C23-Pad1)")
  (net 4 "Net-(C24-Pad2)")
  (net 5 "Net-(C24-Pad1)")
  (net 6 "Net-(C25-Pad2)")
  (net 7 "Net-(C26-Pad2)")
  (net 8 +3.3VA)
  (net 9 "Net-(C30-Pad1)")
  (net 10 "Net-(C41-Pad1)")
  (net 11 +5VA)
  (net 12 -5VA)
  (net 13 "Net-(C610-Pad1)")
  (net 14 "Net-(C610-Pad2)")
  (net 15 "Net-(C611-Pad1)")
  (net 16 OUT_R)
  (net 17 "Net-(C612-Pad1)")
  (net 18 "Net-(C620-Pad1)")
  (net 19 "Net-(C620-Pad2)")
  (net 20 "Net-(C621-Pad1)")
  (net 21 OUT_L)
  (net 22 "Net-(C625-Pad1)")
  (net 23 "Net-(D1-Pad1)")
  (net 24 VBAT)
  (net 25 VBUS)
  (net 26 "Net-(D3-Pad1)")
  (net 27 "Net-(D4-Pad1)")
  (net 28 "Net-(D5-Pad1)")
  (net 29 "Net-(J1-PadA5)")
  (net 30 "Net-(J1-PadB5)")
  (net 31 UART_CTS)
  (net 32 UART_TX)
  (net 33 UART_RX)
  (net 34 UART_RTS)
  (net 35 "Net-(L30-Pad1)")
  (net 36 "Net-(L50-Pad2)")
  (net 37 "Net-(L51-Pad1)")
  (net 38 LED_CHG)
  (net 39 LED_CONN)
  (net 40 LED_PWR)
  (net 41 "Net-(R10-Pad2)")
  (net 42 VREG_IN)
  (net 43 +1V8)
  (net 44 DAC_R-)
  (net 45 DAC_R+)
  (net 46 DAC_L-)
  (net 47 DAC_L+)
  (net 48 PIO6)
  (net 49 PIO7)
  (net 50 "Net-(U1-Pad2)")
  (net 51 "Net-(U1-Pad3)")
  (net 52 I2S_CLK)
  (net 53 "Net-(U1-Pad5)")
  (net 54 I2S_DATA)
  (net 55 I2S_LRCK)
  (net 56 "Net-(U1-Pad9)")
  (net 57 "Net-(U1-Pad10)")
  (net 58 "Net-(U1-Pad11)")
  (net 59 "Net-(U1-Pad12)")
  (net 60 "Net-(U1-Pad20)")
  (net 61 "Net-(U1-Pad21)")
  (net 62 "Net-(U1-Pad37)")
  (net 63 "Net-(U1-Pad38)")
  (net 64 "Net-(U1-Pad40)")
  (net 65 "Net-(U1-Pad41)")
  (net 66 "Net-(U1-Pad42)")
  (net 67 "Net-(U1-Pad43)")
  (net 68 "Net-(U1-Pad44)")
  (net 69 "Net-(U1-Pad45)")
  (net 70 "Net-(U1-Pad46)")
  (net 71 "Net-(U1-Pad47)")
  (net 72 "Net-(U1-Pad48)")
  (net 73 "Net-(U1-Pad49)")
  (net 74 "Net-(U1-Pad51)")
  (net 75 "Net-(U1-Pad23)")
  (net 76 "Net-(U1-Pad24)")
  (net 77 "Net-(U1-Pad25)")
  (net 78 "Net-(U1-Pad26)")
  (net 79 "Net-(U1-Pad29)")
  (net 80 "Net-(U1-Pad30)")
  (net 81 "Net-(U1-Pad31)")
  (net 82 "Net-(U2-Pad22)")
  (net 83 "Net-(U2-Pad26)")
  (net 84 "Net-(U2-Pad29)")
  (net 85 "Net-(U2-Pad30)")
  (net 86 "Net-(C31-Pad2)")
  (net 87 "Net-(U3-Pad4)")

  (net_class Default "This is the default net class."
    (clearance 0.199)
    (trace_width 0.25)
    (via_dia 0.8)
    (via_drill 0.4)
    (uvia_dia 0.3)
    (uvia_drill 0.1)
    (add_net +1V8)
    (add_net +3.3VA)
    (add_net +3V3)
    (add_net +5VA)
    (add_net -5VA)
    (add_net DAC_L+)
    (add_net DAC_L-)
    (add_net DAC_R+)
    (add_net DAC_R-)
    (add_net GND)
    (add_net I2S_CLK)
    (add_net I2S_DATA)
    (add_net I2S_LRCK)
    (add_net LED_CHG)
    (add_net LED_CONN)
    (add_net LED_PWR)
    (add_net "Net-(C23-Pad1)")
    (add_net "Net-(C24-Pad1)")
    (add_net "Net-(C24-Pad2)")
    (add_net "Net-(C25-Pad2)")
    (add_net "Net-(C26-Pad2)")
    (add_net "Net-(C30-Pad1)")
    (add_net "Net-(C31-Pad2)")
    (add_net "Net-(C41-Pad1)")
    (add_net "Net-(C610-Pad1)")
    (add_net "Net-(C610-Pad2)")
    (add_net "Net-(C611-Pad1)")
    (add_net "Net-(C612-Pad1)")
    (add_net "Net-(C620-Pad1)")
    (add_net "Net-(C620-Pad2)")
    (add_net "Net-(C621-Pad1)")
    (add_net "Net-(C625-Pad1)")
    (add_net "Net-(D1-Pad1)")
    (add_net "Net-(D3-Pad1)")
    (add_net "Net-(D4-Pad1)")
    (add_net "Net-(D5-Pad1)")
    (add_net "Net-(J1-PadA5)")
    (add_net "Net-(J1-PadB5)")
    (add_net "Net-(L30-Pad1)")
    (add_net "Net-(L50-Pad2)")
    (add_net "Net-(L51-Pad1)")
    (add_net "Net-(R10-Pad2)")
    (add_net "Net-(U1-Pad10)")
    (add_net "Net-(U1-Pad11)")
    (add_net "Net-(U1-Pad12)")
    (add_net "Net-(U1-Pad2)")
    (add_net "Net-(U1-Pad20)")
    (add_net "Net-(U1-Pad21)")
    (add_net "Net-(U1-Pad23)")
    (add_net "Net-(U1-Pad24)")
    (add_net "Net-(U1-Pad25)")
    (add_net "Net-(U1-Pad26)")
    (add_net "Net-(U1-Pad29)")
    (add_net "Net-(U1-Pad3)")
    (add_net "Net-(U1-Pad30)")
    (add_net "Net-(U1-Pad31)")
    (add_net "Net-(U1-Pad37)")
    (add_net "Net-(U1-Pad38)")
    (add_net "Net-(U1-Pad40)")
    (add_net "Net-(U1-Pad41)")
    (add_net "Net-(U1-Pad42)")
    (add_net "Net-(U1-Pad43)")
    (add_net "Net-(U1-Pad44)")
    (add_net "Net-(U1-Pad45)")
    (add_net "Net-(U1-Pad46)")
    (add_net "Net-(U1-Pad47)")
    (add_net "Net-(U1-Pad48)")
    (add_net "Net-(U1-Pad49)")
    (add_net "Net-(U1-Pad5)")
    (add_net "Net-(U1-Pad51)")
    (add_net "Net-(U1-Pad9)")
    (add_net "Net-(U2-Pad22)")
    (add_net "Net-(U2-Pad26)")
    (add_net "Net-(U2-Pad29)")
    (add_net "Net-(U2-Pad30)")
    (add_net "Net-(U3-Pad4)")
    (add_net OUT_L)
    (add_net OUT_R)
    (add_net PIO6)
    (add_net PIO7)
    (add_net UART_CTS)
    (add_net UART_RTS)
    (add_net UART_RX)
    (add_net UART_TX)
    (add_net VBAT)
    (add_net VBUS)
    (add_net VREG_IN)
  )

  (module SamacSys_Parts:TL4110AF160Q (layer B.Cu) (tedit 604CBA65) (tstamp 60439E53)
    (at 112 115.5 180)
    (descr TL4110AF160Q-3)
    (tags Switch)
    (path /60424C12)
    (attr smd)
    (fp_text reference SW1 (at 0 1.297) (layer B.SilkS) hide
      (effects (font (size 1.27 1.27) (thickness 0.254)) (justify mirror))
    )
    (fp_text value POWER/PLAY/PAUSE (at 0 1.297) (layer B.SilkS) hide
      (effects (font (size 1.27 1.27) (thickness 0.254)) (justify mirror))
    )
    (fp_arc (start -2.1 0.65) (end -2.1 0.55) (angle 180) (layer B.SilkS) (width 0.2))
    (fp_arc (start -2.1 0.65) (end -2.1 0.75) (angle 180) (layer B.SilkS) (width 0.2))
    (fp_text user %R (at 0 1.297) (layer B.Fab)
      (effects (font (size 1.27 1.27) (thickness 0.254)) (justify mirror))
    )
    (fp_line (start -2.1 0.55) (end -2.1 0.55) (layer B.SilkS) (width 0.2))
    (fp_line (start -2.1 0.75) (end -2.1 0.75) (layer B.SilkS) (width 0.2))
    (fp_line (start -0.2 2) (end 0.2 2) (layer B.SilkS) (width 0.1))
    (fp_line (start 1.4 -0.65) (end 1.4 0) (layer B.SilkS) (width 0.1))
    (fp_line (start -1.4 -0.65) (end 1.4 -0.65) (layer B.SilkS) (width 0.1))
    (fp_line (start -1.4 0) (end -1.4 -0.65) (layer B.SilkS) (width 0.1))
    (fp_line (start -2 -0.95) (end -2 2.45) (layer B.CrtYd) (width 0.1))
    (fp_line (start 2 -0.95) (end -2 -0.95) (layer B.CrtYd) (width 0.1))
    (fp_line (start 2 2.45) (end 2 -0.95) (layer B.CrtYd) (width 0.1))
    (fp_line (start -2 2.45) (end 2 2.45) (layer B.CrtYd) (width 0.1))
    (fp_line (start -1.4 -0.65) (end -1.4 2) (layer B.Fab) (width 0.2))
    (fp_line (start 1.4 -0.65) (end -1.4 -0.65) (layer B.Fab) (width 0.2))
    (fp_line (start 1.4 2) (end 1.4 -0.65) (layer B.Fab) (width 0.2))
    (fp_line (start -1.4 2) (end 1.4 2) (layer B.Fab) (width 0.2))
    (fp_line (start 1.4 0) (end -1.4 0) (layer B.Fab) (width 0.2))
    (fp_line (start -1.4 0) (end 1.4 0) (layer B.SilkS) (width 0.1))
    (pad 4 smd rect (at 1.03 1.745 90) (size 0.65 1.14) (layers B.Cu B.Paste B.Mask))
    (pad 3 smd rect (at -1.03 1.745 90) (size 0.65 1.14) (layers B.Cu B.Paste B.Mask))
    (pad 2 smd rect (at 1.2 0.65 90) (size 0.4 0.8) (layers B.Cu B.Paste B.Mask)
      (net 24 VBAT))
    (pad 1 smd rect (at -1.2 0.65 90) (size 0.4 0.8) (layers B.Cu B.Paste B.Mask)
      (net 42 VREG_IN))
    (model G:\KiCad\ext_libs\libraryloader\SamacSys_Parts.3dshapes\TL4110AF160Q.stp
      (at (xyz 0 0 0))
      (scale (xyz 1 1 1))
      (rotate (xyz 0 0 0))
    )
  )

  (module SamacSys_Parts:TL4110AF160Q (layer B.Cu) (tedit 604CBA65) (tstamp 60439E85)
    (at 121.1 88.95)
    (descr TL4110AF160Q-3)
    (tags Switch)
    (path /604526B0)
    (attr smd)
    (fp_text reference SW3 (at 0 1.297) (layer B.SilkS) hide
      (effects (font (size 1.27 1.27) (thickness 0.254)) (justify mirror))
    )
    (fp_text value VOL-/BACK (at 0 1.297) (layer B.SilkS) hide
      (effects (font (size 1.27 1.27) (thickness 0.254)) (justify mirror))
    )
    (fp_arc (start -2.1 0.65) (end -2.1 0.55) (angle 180) (layer B.SilkS) (width 0.2))
    (fp_arc (start -2.1 0.65) (end -2.1 0.75) (angle 180) (layer B.SilkS) (width 0.2))
    (fp_text user %R (at 0 1.297) (layer B.Fab)
      (effects (font (size 1.27 1.27) (thickness 0.254)) (justify mirror))
    )
    (fp_line (start -2.1 0.55) (end -2.1 0.55) (layer B.SilkS) (width 0.2))
    (fp_line (start -2.1 0.75) (end -2.1 0.75) (layer B.SilkS) (width 0.2))
    (fp_line (start -0.2 2) (end 0.2 2) (layer B.SilkS) (width 0.1))
    (fp_line (start 1.4 -0.65) (end 1.4 0) (layer B.SilkS) (width 0.1))
    (fp_line (start -1.4 -0.65) (end 1.4 -0.65) (layer B.SilkS) (width 0.1))
    (fp_line (start -1.4 0) (end -1.4 -0.65) (layer B.SilkS) (width 0.1))
    (fp_line (start -2 -0.95) (end -2 2.45) (layer B.CrtYd) (width 0.1))
    (fp_line (start 2 -0.95) (end -2 -0.95) (layer B.CrtYd) (width 0.1))
    (fp_line (start 2 2.45) (end 2 -0.95) (layer B.CrtYd) (width 0.1))
    (fp_line (start -2 2.45) (end 2 2.45) (layer B.CrtYd) (width 0.1))
    (fp_line (start -1.4 -0.65) (end -1.4 2) (layer B.Fab) (width 0.2))
    (fp_line (start 1.4 -0.65) (end -1.4 -0.65) (layer B.Fab) (width 0.2))
    (fp_line (start 1.4 2) (end 1.4 -0.65) (layer B.Fab) (width 0.2))
    (fp_line (start -1.4 2) (end 1.4 2) (layer B.Fab) (width 0.2))
    (fp_line (start 1.4 0) (end -1.4 0) (layer B.Fab) (width 0.2))
    (fp_line (start -1.4 0) (end 1.4 0) (layer B.SilkS) (width 0.1))
    (pad 4 smd rect (at 1.03 1.745 270) (size 0.65 1.14) (layers B.Cu B.Paste B.Mask))
    (pad 3 smd rect (at -1.03 1.745 270) (size 0.65 1.14) (layers B.Cu B.Paste B.Mask))
    (pad 2 smd rect (at 1.2 0.65 270) (size 0.4 0.8) (layers B.Cu B.Paste B.Mask)
      (net 1 +3V3))
    (pad 1 smd rect (at -1.2 0.65 270) (size 0.4 0.8) (layers B.Cu B.Paste B.Mask)
      (net 49 PIO7))
    (model G:\KiCad\ext_libs\libraryloader\SamacSys_Parts.3dshapes\TL4110AF160Q.stp
      (at (xyz 0 0 0))
      (scale (xyz 1 1 1))
      (rotate (xyz 0 0 0))
    )
  )

  (module SamacSys_Parts:TL4110AF160Q (layer B.Cu) (tedit 604CBA65) (tstamp 6044C8F5)
    (at 114.7 89)
    (descr TL4110AF160Q-3)
    (tags Switch)
    (path /6045231B)
    (attr smd)
    (fp_text reference SW2 (at 0 1.297) (layer B.SilkS) hide
      (effects (font (size 1.27 1.27) (thickness 0.254)) (justify mirror))
    )
    (fp_text value VOL+/NEXT (at 0 1.297) (layer B.SilkS) hide
      (effects (font (size 1.27 1.27) (thickness 0.254)) (justify mirror))
    )
    (fp_arc (start -2.1 0.65) (end -2.1 0.55) (angle 180) (layer B.SilkS) (width 0.2))
    (fp_arc (start -2.1 0.65) (end -2.1 0.75) (angle 180) (layer B.SilkS) (width 0.2))
    (fp_text user %R (at 0 1.297) (layer B.Fab)
      (effects (font (size 1.27 1.27) (thickness 0.254)) (justify mirror))
    )
    (fp_line (start -2.1 0.55) (end -2.1 0.55) (layer B.SilkS) (width 0.2))
    (fp_line (start -2.1 0.75) (end -2.1 0.75) (layer B.SilkS) (width 0.2))
    (fp_line (start -0.2 2) (end 0.2 2) (layer B.SilkS) (width 0.1))
    (fp_line (start 1.4 -0.65) (end 1.4 0) (layer B.SilkS) (width 0.1))
    (fp_line (start -1.4 -0.65) (end 1.4 -0.65) (layer B.SilkS) (width 0.1))
    (fp_line (start -1.4 0) (end -1.4 -0.65) (layer B.SilkS) (width 0.1))
    (fp_line (start -2 -0.95) (end -2 2.45) (layer B.CrtYd) (width 0.1))
    (fp_line (start 2 -0.95) (end -2 -0.95) (layer B.CrtYd) (width 0.1))
    (fp_line (start 2 2.45) (end 2 -0.95) (layer B.CrtYd) (width 0.1))
    (fp_line (start -2 2.45) (end 2 2.45) (layer B.CrtYd) (width 0.1))
    (fp_line (start -1.4 -0.65) (end -1.4 2) (layer B.Fab) (width 0.2))
    (fp_line (start 1.4 -0.65) (end -1.4 -0.65) (layer B.Fab) (width 0.2))
    (fp_line (start 1.4 2) (end 1.4 -0.65) (layer B.Fab) (width 0.2))
    (fp_line (start -1.4 2) (end 1.4 2) (layer B.Fab) (width 0.2))
    (fp_line (start 1.4 0) (end -1.4 0) (layer B.Fab) (width 0.2))
    (fp_line (start -1.4 0) (end 1.4 0) (layer B.SilkS) (width 0.1))
    (pad 4 smd rect (at 1.03 1.745 270) (size 0.65 1.14) (layers B.Cu B.Paste B.Mask))
    (pad 3 smd rect (at -1.03 1.745 270) (size 0.65 1.14) (layers B.Cu B.Paste B.Mask))
    (pad 2 smd rect (at 1.2 0.65 270) (size 0.4 0.8) (layers B.Cu B.Paste B.Mask)
      (net 1 +3V3))
    (pad 1 smd rect (at -1.2 0.65 270) (size 0.4 0.8) (layers B.Cu B.Paste B.Mask)
      (net 48 PIO6))
    (model G:\KiCad\ext_libs\libraryloader\SamacSys_Parts.3dshapes\TL4110AF160Q.stp
      (at (xyz 0 0 0))
      (scale (xyz 1 1 1))
      (rotate (xyz 0 0 0))
    )
  )

  (module Package_DFN_QFN:QFN-32-1EP_5x5mm_P0.5mm_EP3.45x3.45mm (layer F.Cu) (tedit 60447BD6) (tstamp 60439F04)
    (at 98.268 105.607 90)
    (descr "QFN, 32 Pin (http://www.analog.com/media/en/package-pcb-resources/package/pkg_pdf/ltc-legacy-qfn/QFN_32_05-08-1693.pdf), generated with kicad-footprint-generator ipc_noLead_generator.py")
    (tags "QFN NoLead")
    (path /604167CB)
    (attr smd)
    (fp_text reference U2 (at 0 -3.82 90) (layer F.SilkS) hide
      (effects (font (size 1 1) (thickness 0.15)))
    )
    (fp_text value PCM5242 (at 0 3.82 90) (layer F.Fab) hide
      (effects (font (size 1 1) (thickness 0.15)))
    )
    (fp_line (start 3.12 -3.12) (end -3.12 -3.12) (layer F.CrtYd) (width 0.05))
    (fp_line (start 3.12 3.12) (end 3.12 -3.12) (layer F.CrtYd) (width 0.05))
    (fp_line (start -3.12 3.12) (end 3.12 3.12) (layer F.CrtYd) (width 0.05))
    (fp_line (start -3.12 -3.12) (end -3.12 3.12) (layer F.CrtYd) (width 0.05))
    (fp_line (start -2.5 -1.5) (end -1.5 -2.5) (layer F.Fab) (width 0.1))
    (fp_line (start -2.5 2.5) (end -2.5 -1.5) (layer F.Fab) (width 0.1))
    (fp_line (start 2.5 2.5) (end -2.5 2.5) (layer F.Fab) (width 0.1))
    (fp_line (start 2.5 -2.5) (end 2.5 2.5) (layer F.Fab) (width 0.1))
    (fp_line (start -1.5 -2.5) (end 2.5 -2.5) (layer F.Fab) (width 0.1))
    (fp_line (start -2.135 -2.61) (end -2.61 -2.61) (layer F.SilkS) (width 0.12))
    (fp_line (start 2.61 2.61) (end 2.61 2.135) (layer F.SilkS) (width 0.12))
    (fp_line (start 2.135 2.61) (end 2.61 2.61) (layer F.SilkS) (width 0.12))
    (fp_line (start -2.61 2.61) (end -2.61 2.135) (layer F.SilkS) (width 0.12))
    (fp_line (start -2.135 2.61) (end -2.61 2.61) (layer F.SilkS) (width 0.12))
    (fp_line (start 2.61 -2.61) (end 2.61 -2.135) (layer F.SilkS) (width 0.12))
    (fp_line (start 2.135 -2.61) (end 2.61 -2.61) (layer F.SilkS) (width 0.12))
    (fp_text user %R (at 0 0 90) (layer F.Fab)
      (effects (font (size 1 1) (thickness 0.15)))
    )
    (pad 1 smd roundrect (at -2.4375 -1.75 90) (size 0.875 0.25) (layers F.Cu F.Paste F.Mask) (roundrect_rratio 0.25)
      (net 1 +3V3))
    (pad 2 smd roundrect (at -2.4375 -1.25 90) (size 0.875 0.25) (layers F.Cu F.Paste F.Mask) (roundrect_rratio 0.25)
      (net 3 "Net-(C23-Pad1)"))
    (pad 3 smd roundrect (at -2.4375 -0.75 90) (size 0.875 0.25) (layers F.Cu F.Paste F.Mask) (roundrect_rratio 0.25)
      (net 2 GND))
    (pad 4 smd roundrect (at -2.4375 -0.25 90) (size 0.875 0.25) (layers F.Cu F.Paste F.Mask) (roundrect_rratio 0.25)
      (net 1 +3V3))
    (pad 5 smd roundrect (at -2.4375 0.25 90) (size 0.875 0.25) (layers F.Cu F.Paste F.Mask) (roundrect_rratio 0.25)
      (net 1 +3V3))
    (pad 6 smd roundrect (at -2.4375 0.75 90) (size 0.875 0.25) (layers F.Cu F.Paste F.Mask) (roundrect_rratio 0.25)
      (net 4 "Net-(C24-Pad2)"))
    (pad 7 smd roundrect (at -2.4375 1.25 90) (size 0.875 0.25) (layers F.Cu F.Paste F.Mask) (roundrect_rratio 0.25)
      (net 2 GND))
    (pad 8 smd roundrect (at -2.4375 1.75 90) (size 0.875 0.25) (layers F.Cu F.Paste F.Mask) (roundrect_rratio 0.25)
      (net 5 "Net-(C24-Pad1)"))
    (pad 9 smd roundrect (at -1.75 2.4375 90) (size 0.25 0.875) (layers F.Cu F.Paste F.Mask) (roundrect_rratio 0.25)
      (net 6 "Net-(C25-Pad2)"))
    (pad 10 smd roundrect (at -1.25 2.4375 90) (size 0.25 0.875) (layers F.Cu F.Paste F.Mask) (roundrect_rratio 0.25)
      (net 47 DAC_L+))
    (pad 11 smd roundrect (at -0.75 2.4375 90) (size 0.25 0.875) (layers F.Cu F.Paste F.Mask) (roundrect_rratio 0.25)
      (net 46 DAC_L-))
    (pad 12 smd roundrect (at -0.25 2.4375 90) (size 0.25 0.875) (layers F.Cu F.Paste F.Mask) (roundrect_rratio 0.25)
      (net 44 DAC_R-))
    (pad 13 smd roundrect (at 0.25 2.4375 90) (size 0.25 0.875) (layers F.Cu F.Paste F.Mask) (roundrect_rratio 0.25)
      (net 45 DAC_R+))
    (pad 14 smd roundrect (at 0.75 2.4375 90) (size 0.25 0.875) (layers F.Cu F.Paste F.Mask) (roundrect_rratio 0.25)
      (net 8 +3.3VA))
    (pad 15 smd roundrect (at 1.25 2.4375 90) (size 0.25 0.875) (layers F.Cu F.Paste F.Mask) (roundrect_rratio 0.25)
      (net 2 GND))
    (pad 16 smd roundrect (at 1.75 2.4375 90) (size 0.25 0.875) (layers F.Cu F.Paste F.Mask) (roundrect_rratio 0.25)
      (net 7 "Net-(C26-Pad2)"))
    (pad 17 smd roundrect (at 2.4375 1.75 90) (size 0.875 0.25) (layers F.Cu F.Paste F.Mask) (roundrect_rratio 0.25)
      (net 2 GND))
    (pad 18 smd roundrect (at 2.4375 1.25 90) (size 0.875 0.25) (layers F.Cu F.Paste F.Mask) (roundrect_rratio 0.25)
      (net 2 GND))
    (pad 19 smd roundrect (at 2.4375 0.75 90) (size 0.875 0.25) (layers F.Cu F.Paste F.Mask) (roundrect_rratio 0.25)
      (net 2 GND))
    (pad 20 smd roundrect (at 2.4375 0.25 90) (size 0.875 0.25) (layers F.Cu F.Paste F.Mask) (roundrect_rratio 0.25)
      (net 2 GND))
    (pad 21 smd roundrect (at 2.4375 -0.25 90) (size 0.875 0.25) (layers F.Cu F.Paste F.Mask) (roundrect_rratio 0.25)
      (net 2 GND))
    (pad 22 smd roundrect (at 2.4375 -0.75 90) (size 0.875 0.25) (layers F.Cu F.Paste F.Mask) (roundrect_rratio 0.25)
      (net 82 "Net-(U2-Pad22)"))
    (pad 23 smd roundrect (at 2.4375 -1.25 90) (size 0.875 0.25) (layers F.Cu F.Paste F.Mask) (roundrect_rratio 0.25)
      (net 2 GND))
    (pad 24 smd roundrect (at 2.4375 -1.75 90) (size 0.875 0.25) (layers F.Cu F.Paste F.Mask) (roundrect_rratio 0.25)
      (net 2 GND))
    (pad 25 smd roundrect (at 1.75 -2.4375 90) (size 0.25 0.875) (layers F.Cu F.Paste F.Mask) (roundrect_rratio 0.25)
      (net 2 GND))
    (pad 26 smd roundrect (at 1.25 -2.4375 90) (size 0.25 0.875) (layers F.Cu F.Paste F.Mask) (roundrect_rratio 0.25)
      (net 83 "Net-(U2-Pad26)"))
    (pad 27 smd roundrect (at 0.75 -2.4375 90) (size 0.25 0.875) (layers F.Cu F.Paste F.Mask) (roundrect_rratio 0.25)
      (net 52 I2S_CLK))
    (pad 28 smd roundrect (at 0.25 -2.4375 90) (size 0.25 0.875) (layers F.Cu F.Paste F.Mask) (roundrect_rratio 0.25)
      (net 54 I2S_DATA))
    (pad 29 smd roundrect (at -0.25 -2.4375 90) (size 0.25 0.875) (layers F.Cu F.Paste F.Mask) (roundrect_rratio 0.25)
      (net 84 "Net-(U2-Pad29)"))
    (pad 30 smd roundrect (at -0.75 -2.4375 90) (size 0.25 0.875) (layers F.Cu F.Paste F.Mask) (roundrect_rratio 0.25)
      (net 85 "Net-(U2-Pad30)"))
    (pad 31 smd roundrect (at -1.25 -2.4375 90) (size 0.25 0.875) (layers F.Cu F.Paste F.Mask) (roundrect_rratio 0.25)
      (net 55 I2S_LRCK))
    (pad 32 smd roundrect (at -1.75 -2.4375 90) (size 0.25 0.875) (layers F.Cu F.Paste F.Mask) (roundrect_rratio 0.25)
      (net 2 GND))
    (pad 33 smd rect (at 0 0 90) (size 3.45 3.45) (layers F.Cu F.Mask)
      (net 2 GND))
    (pad "" smd roundrect (at -1.15 -1.15 90) (size 0.93 0.93) (layers F.Paste) (roundrect_rratio 0.25))
    (pad "" smd roundrect (at -1.15 0 90) (size 0.93 0.93) (layers F.Paste) (roundrect_rratio 0.25))
    (pad "" smd roundrect (at -1.15 1.15 90) (size 0.93 0.93) (layers F.Paste) (roundrect_rratio 0.25))
    (pad "" smd roundrect (at 0 -1.15 90) (size 0.93 0.93) (layers F.Paste) (roundrect_rratio 0.25))
    (pad "" smd roundrect (at 0 0 90) (size 0.93 0.93) (layers F.Paste) (roundrect_rratio 0.25))
    (pad "" smd roundrect (at 0 1.15 90) (size 0.93 0.93) (layers F.Paste) (roundrect_rratio 0.25))
    (pad "" smd roundrect (at 1.15 -1.15 90) (size 0.93 0.93) (layers F.Paste) (roundrect_rratio 0.25))
    (pad "" smd roundrect (at 1.15 0 90) (size 0.93 0.93) (layers F.Paste) (roundrect_rratio 0.25))
    (pad "" smd roundrect (at 1.15 1.15 90) (size 0.93 0.93) (layers F.Paste) (roundrect_rratio 0.25))
    (model ${KISYS3DMOD}/Package_DFN_QFN.3dshapes/QFN-32-1EP_5x5mm_P0.5mm_EP3.45x3.45mm.wrl
      (at (xyz 0 0 0))
      (scale (xyz 1 1 1))
      (rotate (xyz 0 0 0))
    )
  )

  (module Resistor_SMD:R_0402_1005Metric_Pad0.72x0.64mm_HandSolder (layer F.Cu) (tedit 5F6BB9E0) (tstamp 60439E3A)
    (at 112.0215 109.544)
    (descr "Resistor SMD 0402 (1005 Metric), square (rectangular) end terminal, IPC_7351 nominal with elongated pad for handsoldering. (Body size source: IPC-SM-782 page 72, https://www.pcb-3d.com/wordpress/wp-content/uploads/ipc-sm-782a_amendment_1_and_2.pdf), generated with kicad-footprint-generator")
    (tags "resistor handsolder")
    (path /608C3F0C)
    (attr smd)
    (fp_text reference R624 (at 0 -1.17) (layer F.SilkS) hide
      (effects (font (size 1 1) (thickness 0.15)))
    )
    (fp_text value 68 (at 0 1.17) (layer F.Fab) hide
      (effects (font (size 1 1) (thickness 0.15)))
    )
    (fp_line (start -0.525 0.27) (end -0.525 -0.27) (layer F.Fab) (width 0.1))
    (fp_line (start -0.525 -0.27) (end 0.525 -0.27) (layer F.Fab) (width 0.1))
    (fp_line (start 0.525 -0.27) (end 0.525 0.27) (layer F.Fab) (width 0.1))
    (fp_line (start 0.525 0.27) (end -0.525 0.27) (layer F.Fab) (width 0.1))
    (fp_line (start -0.167621 -0.38) (end 0.167621 -0.38) (layer F.SilkS) (width 0.12))
    (fp_line (start -0.167621 0.38) (end 0.167621 0.38) (layer F.SilkS) (width 0.12))
    (fp_line (start -1.1 0.47) (end -1.1 -0.47) (layer F.CrtYd) (width 0.05))
    (fp_line (start -1.1 -0.47) (end 1.1 -0.47) (layer F.CrtYd) (width 0.05))
    (fp_line (start 1.1 -0.47) (end 1.1 0.47) (layer F.CrtYd) (width 0.05))
    (fp_line (start 1.1 0.47) (end -1.1 0.47) (layer F.CrtYd) (width 0.05))
    (fp_text user %R (at 0 0) (layer F.Fab)
      (effects (font (size 0.26 0.26) (thickness 0.04)))
    )
    (pad 2 smd roundrect (at 0.5975 0) (size 0.715 0.64) (layers F.Cu F.Paste F.Mask) (roundrect_rratio 0.25)
      (net 20 "Net-(C621-Pad1)"))
    (pad 1 smd roundrect (at -0.5975 0) (size 0.715 0.64) (layers F.Cu F.Paste F.Mask) (roundrect_rratio 0.25)
      (net 2 GND))
    (model ${KISYS3DMOD}/Resistor_SMD.3dshapes/R_0402_1005Metric.wrl
      (at (xyz 0 0 0))
      (scale (xyz 1 1 1))
      (rotate (xyz 0 0 0))
    )
  )

  (module Resistor_SMD:R_0402_1005Metric_Pad0.72x0.64mm_HandSolder (layer F.Cu) (tedit 5F6BB9E0) (tstamp 60439E29)
    (at 111.984 108.147)
    (descr "Resistor SMD 0402 (1005 Metric), square (rectangular) end terminal, IPC_7351 nominal with elongated pad for handsoldering. (Body size source: IPC-SM-782 page 72, https://www.pcb-3d.com/wordpress/wp-content/uploads/ipc-sm-782a_amendment_1_and_2.pdf), generated with kicad-footprint-generator")
    (tags "resistor handsolder")
    (path /608C3EC0)
    (attr smd)
    (fp_text reference R623 (at 0 -1.17) (layer F.SilkS) hide
      (effects (font (size 1 1) (thickness 0.15)))
    )
    (fp_text value 4.7k (at 0 1.17) (layer F.Fab) hide
      (effects (font (size 1 1) (thickness 0.15)))
    )
    (fp_line (start 1.1 0.47) (end -1.1 0.47) (layer F.CrtYd) (width 0.05))
    (fp_line (start 1.1 -0.47) (end 1.1 0.47) (layer F.CrtYd) (width 0.05))
    (fp_line (start -1.1 -0.47) (end 1.1 -0.47) (layer F.CrtYd) (width 0.05))
    (fp_line (start -1.1 0.47) (end -1.1 -0.47) (layer F.CrtYd) (width 0.05))
    (fp_line (start -0.167621 0.38) (end 0.167621 0.38) (layer F.SilkS) (width 0.12))
    (fp_line (start -0.167621 -0.38) (end 0.167621 -0.38) (layer F.SilkS) (width 0.12))
    (fp_line (start 0.525 0.27) (end -0.525 0.27) (layer F.Fab) (width 0.1))
    (fp_line (start 0.525 -0.27) (end 0.525 0.27) (layer F.Fab) (width 0.1))
    (fp_line (start -0.525 -0.27) (end 0.525 -0.27) (layer F.Fab) (width 0.1))
    (fp_line (start -0.525 0.27) (end -0.525 -0.27) (layer F.Fab) (width 0.1))
    (fp_text user %R (at 0 0) (layer F.Fab)
      (effects (font (size 0.26 0.26) (thickness 0.04)))
    )
    (pad 1 smd roundrect (at -0.5975 0) (size 0.715 0.64) (layers F.Cu F.Paste F.Mask) (roundrect_rratio 0.25)
      (net 18 "Net-(C620-Pad1)"))
    (pad 2 smd roundrect (at 0.5975 0) (size 0.715 0.64) (layers F.Cu F.Paste F.Mask) (roundrect_rratio 0.25)
      (net 20 "Net-(C621-Pad1)"))
    (model ${KISYS3DMOD}/Resistor_SMD.3dshapes/R_0402_1005Metric.wrl
      (at (xyz 0 0 0))
      (scale (xyz 1 1 1))
      (rotate (xyz 0 0 0))
    )
  )

  (module Resistor_SMD:R_0402_1005Metric_Pad0.72x0.64mm_HandSolder (layer F.Cu) (tedit 5F6BB9E0) (tstamp 60439E18)
    (at 111.984 106.75 180)
    (descr "Resistor SMD 0402 (1005 Metric), square (rectangular) end terminal, IPC_7351 nominal with elongated pad for handsoldering. (Body size source: IPC-SM-782 page 72, https://www.pcb-3d.com/wordpress/wp-content/uploads/ipc-sm-782a_amendment_1_and_2.pdf), generated with kicad-footprint-generator")
    (tags "resistor handsolder")
    (path /608C3EB6)
    (attr smd)
    (fp_text reference R622 (at 0 -1.17) (layer F.SilkS) hide
      (effects (font (size 1 1) (thickness 0.15)))
    )
    (fp_text value 4.7k (at 0 1.17) (layer F.Fab) hide
      (effects (font (size 1 1) (thickness 0.15)))
    )
    (fp_line (start -0.525 0.27) (end -0.525 -0.27) (layer F.Fab) (width 0.1))
    (fp_line (start -0.525 -0.27) (end 0.525 -0.27) (layer F.Fab) (width 0.1))
    (fp_line (start 0.525 -0.27) (end 0.525 0.27) (layer F.Fab) (width 0.1))
    (fp_line (start 0.525 0.27) (end -0.525 0.27) (layer F.Fab) (width 0.1))
    (fp_line (start -0.167621 -0.38) (end 0.167621 -0.38) (layer F.SilkS) (width 0.12))
    (fp_line (start -0.167621 0.38) (end 0.167621 0.38) (layer F.SilkS) (width 0.12))
    (fp_line (start -1.1 0.47) (end -1.1 -0.47) (layer F.CrtYd) (width 0.05))
    (fp_line (start -1.1 -0.47) (end 1.1 -0.47) (layer F.CrtYd) (width 0.05))
    (fp_line (start 1.1 -0.47) (end 1.1 0.47) (layer F.CrtYd) (width 0.05))
    (fp_line (start 1.1 0.47) (end -1.1 0.47) (layer F.CrtYd) (width 0.05))
    (fp_text user %R (at 0 0) (layer F.Fab)
      (effects (font (size 0.26 0.26) (thickness 0.04)))
    )
    (pad 2 smd roundrect (at 0.5975 0 180) (size 0.715 0.64) (layers F.Cu F.Paste F.Mask) (roundrect_rratio 0.25)
      (net 19 "Net-(C620-Pad2)"))
    (pad 1 smd roundrect (at -0.5975 0 180) (size 0.715 0.64) (layers F.Cu F.Paste F.Mask) (roundrect_rratio 0.25)
      (net 22 "Net-(C625-Pad1)"))
    (model ${KISYS3DMOD}/Resistor_SMD.3dshapes/R_0402_1005Metric.wrl
      (at (xyz 0 0 0))
      (scale (xyz 1 1 1))
      (rotate (xyz 0 0 0))
    )
  )

  (module Resistor_SMD:R_0603_1608Metric_Pad0.98x0.95mm_HandSolder (layer F.Cu) (tedit 5F68FEEE) (tstamp 60439E07)
    (at 107.158 108.782)
    (descr "Resistor SMD 0603 (1608 Metric), square (rectangular) end terminal, IPC_7351 nominal with elongated pad for handsoldering. (Body size source: IPC-SM-782 page 72, https://www.pcb-3d.com/wordpress/wp-content/uploads/ipc-sm-782a_amendment_1_and_2.pdf), generated with kicad-footprint-generator")
    (tags "resistor handsolder")
    (path /608C3EAC)
    (attr smd)
    (fp_text reference R621 (at 0 -1.43 180) (layer F.SilkS) hide
      (effects (font (size 1 1) (thickness 0.15)))
    )
    (fp_text value 1k (at 0 1.43) (layer F.Fab) hide
      (effects (font (size 1 1) (thickness 0.15)))
    )
    (fp_line (start -0.8 0.4125) (end -0.8 -0.4125) (layer F.Fab) (width 0.1))
    (fp_line (start -0.8 -0.4125) (end 0.8 -0.4125) (layer F.Fab) (width 0.1))
    (fp_line (start 0.8 -0.4125) (end 0.8 0.4125) (layer F.Fab) (width 0.1))
    (fp_line (start 0.8 0.4125) (end -0.8 0.4125) (layer F.Fab) (width 0.1))
    (fp_line (start -0.254724 -0.5225) (end 0.254724 -0.5225) (layer F.SilkS) (width 0.12))
    (fp_line (start -0.254724 0.5225) (end 0.254724 0.5225) (layer F.SilkS) (width 0.12))
    (fp_line (start -1.65 0.73) (end -1.65 -0.73) (layer F.CrtYd) (width 0.05))
    (fp_line (start -1.65 -0.73) (end 1.65 -0.73) (layer F.CrtYd) (width 0.05))
    (fp_line (start 1.65 -0.73) (end 1.65 0.73) (layer F.CrtYd) (width 0.05))
    (fp_line (start 1.65 0.73) (end -1.65 0.73) (layer F.CrtYd) (width 0.05))
    (fp_text user %R (at 0 0) (layer F.Fab)
      (effects (font (size 0.4 0.4) (thickness 0.06)))
    )
    (pad 2 smd roundrect (at 0.9125 0) (size 0.975 0.95) (layers F.Cu F.Paste F.Mask) (roundrect_rratio 0.25)
      (net 18 "Net-(C620-Pad1)"))
    (pad 1 smd roundrect (at -0.9125 0) (size 0.975 0.95) (layers F.Cu F.Paste F.Mask) (roundrect_rratio 0.25)
      (net 47 DAC_L+))
    (model ${KISYS3DMOD}/Resistor_SMD.3dshapes/R_0603_1608Metric.wrl
      (at (xyz 0 0 0))
      (scale (xyz 1 1 1))
      (rotate (xyz 0 0 0))
    )
  )

  (module Resistor_SMD:R_0603_1608Metric_Pad0.98x0.95mm_HandSolder (layer F.Cu) (tedit 5F68FEEE) (tstamp 60439DF6)
    (at 107.158 107.004 180)
    (descr "Resistor SMD 0603 (1608 Metric), square (rectangular) end terminal, IPC_7351 nominal with elongated pad for handsoldering. (Body size source: IPC-SM-782 page 72, https://www.pcb-3d.com/wordpress/wp-content/uploads/ipc-sm-782a_amendment_1_and_2.pdf), generated with kicad-footprint-generator")
    (tags "resistor handsolder")
    (path /608C3EA2)
    (attr smd)
    (fp_text reference R620 (at 0 -1.43) (layer F.SilkS) hide
      (effects (font (size 1 1) (thickness 0.15)))
    )
    (fp_text value 1k (at 0 1.43) (layer F.Fab) hide
      (effects (font (size 1 1) (thickness 0.15)))
    )
    (fp_line (start 1.65 0.73) (end -1.65 0.73) (layer F.CrtYd) (width 0.05))
    (fp_line (start 1.65 -0.73) (end 1.65 0.73) (layer F.CrtYd) (width 0.05))
    (fp_line (start -1.65 -0.73) (end 1.65 -0.73) (layer F.CrtYd) (width 0.05))
    (fp_line (start -1.65 0.73) (end -1.65 -0.73) (layer F.CrtYd) (width 0.05))
    (fp_line (start -0.254724 0.5225) (end 0.254724 0.5225) (layer F.SilkS) (width 0.12))
    (fp_line (start -0.254724 -0.5225) (end 0.254724 -0.5225) (layer F.SilkS) (width 0.12))
    (fp_line (start 0.8 0.4125) (end -0.8 0.4125) (layer F.Fab) (width 0.1))
    (fp_line (start 0.8 -0.4125) (end 0.8 0.4125) (layer F.Fab) (width 0.1))
    (fp_line (start -0.8 -0.4125) (end 0.8 -0.4125) (layer F.Fab) (width 0.1))
    (fp_line (start -0.8 0.4125) (end -0.8 -0.4125) (layer F.Fab) (width 0.1))
    (fp_text user %R (at 0 0) (layer F.Fab)
      (effects (font (size 0.4 0.4) (thickness 0.06)))
    )
    (pad 1 smd roundrect (at -0.9125 0 180) (size 0.975 0.95) (layers F.Cu F.Paste F.Mask) (roundrect_rratio 0.25)
      (net 19 "Net-(C620-Pad2)"))
    (pad 2 smd roundrect (at 0.9125 0 180) (size 0.975 0.95) (layers F.Cu F.Paste F.Mask) (roundrect_rratio 0.25)
      (net 46 DAC_L-))
    (model ${KISYS3DMOD}/Resistor_SMD.3dshapes/R_0603_1608Metric.wrl
      (at (xyz 0 0 0))
      (scale (xyz 1 1 1))
      (rotate (xyz 0 0 0))
    )
  )

  (module Resistor_SMD:R_0402_1005Metric_Pad0.72x0.64mm_HandSolder (layer F.Cu) (tedit 5F6BB9E0) (tstamp 60439DE5)
    (at 116.05 101.11 180)
    (descr "Resistor SMD 0402 (1005 Metric), square (rectangular) end terminal, IPC_7351 nominal with elongated pad for handsoldering. (Body size source: IPC-SM-782 page 72, https://www.pcb-3d.com/wordpress/wp-content/uploads/ipc-sm-782a_amendment_1_and_2.pdf), generated with kicad-footprint-generator")
    (tags "resistor handsolder")
    (path /60875597)
    (attr smd)
    (fp_text reference R615 (at 0 -1.17) (layer F.SilkS) hide
      (effects (font (size 1 1) (thickness 0.15)))
    )
    (fp_text value 68 (at 0 1.17) (layer F.Fab) hide
      (effects (font (size 1 1) (thickness 0.15)))
    )
    (fp_line (start -0.525 0.27) (end -0.525 -0.27) (layer F.Fab) (width 0.1))
    (fp_line (start -0.525 -0.27) (end 0.525 -0.27) (layer F.Fab) (width 0.1))
    (fp_line (start 0.525 -0.27) (end 0.525 0.27) (layer F.Fab) (width 0.1))
    (fp_line (start 0.525 0.27) (end -0.525 0.27) (layer F.Fab) (width 0.1))
    (fp_line (start -0.167621 -0.38) (end 0.167621 -0.38) (layer F.SilkS) (width 0.12))
    (fp_line (start -0.167621 0.38) (end 0.167621 0.38) (layer F.SilkS) (width 0.12))
    (fp_line (start -1.1 0.47) (end -1.1 -0.47) (layer F.CrtYd) (width 0.05))
    (fp_line (start -1.1 -0.47) (end 1.1 -0.47) (layer F.CrtYd) (width 0.05))
    (fp_line (start 1.1 -0.47) (end 1.1 0.47) (layer F.CrtYd) (width 0.05))
    (fp_line (start 1.1 0.47) (end -1.1 0.47) (layer F.CrtYd) (width 0.05))
    (fp_text user %R (at 0 0) (layer F.Fab)
      (effects (font (size 0.26 0.26) (thickness 0.04)))
    )
    (pad 2 smd roundrect (at 0.5975 0 180) (size 0.715 0.64) (layers F.Cu F.Paste F.Mask) (roundrect_rratio 0.25)
      (net 17 "Net-(C612-Pad1)"))
    (pad 1 smd roundrect (at -0.5975 0 180) (size 0.715 0.64) (layers F.Cu F.Paste F.Mask) (roundrect_rratio 0.25)
      (net 16 OUT_R))
    (model ${KISYS3DMOD}/Resistor_SMD.3dshapes/R_0402_1005Metric.wrl
      (at (xyz 0 0 0))
      (scale (xyz 1 1 1))
      (rotate (xyz 0 0 0))
    )
  )

  (module Resistor_SMD:R_0402_1005Metric_Pad0.72x0.64mm_HandSolder (layer F.Cu) (tedit 5F6BB9E0) (tstamp 60439DD4)
    (at 111.984 102.432)
    (descr "Resistor SMD 0402 (1005 Metric), square (rectangular) end terminal, IPC_7351 nominal with elongated pad for handsoldering. (Body size source: IPC-SM-782 page 72, https://www.pcb-3d.com/wordpress/wp-content/uploads/ipc-sm-782a_amendment_1_and_2.pdf), generated with kicad-footprint-generator")
    (tags "resistor handsolder")
    (path /60897CC6)
    (attr smd)
    (fp_text reference R614 (at 0 -1.17) (layer F.SilkS) hide
      (effects (font (size 1 1) (thickness 0.15)))
    )
    (fp_text value 68 (at 0 1.17) (layer F.Fab) hide
      (effects (font (size 1 1) (thickness 0.15)))
    )
    (fp_line (start 1.1 0.47) (end -1.1 0.47) (layer F.CrtYd) (width 0.05))
    (fp_line (start 1.1 -0.47) (end 1.1 0.47) (layer F.CrtYd) (width 0.05))
    (fp_line (start -1.1 -0.47) (end 1.1 -0.47) (layer F.CrtYd) (width 0.05))
    (fp_line (start -1.1 0.47) (end -1.1 -0.47) (layer F.CrtYd) (width 0.05))
    (fp_line (start -0.167621 0.38) (end 0.167621 0.38) (layer F.SilkS) (width 0.12))
    (fp_line (start -0.167621 -0.38) (end 0.167621 -0.38) (layer F.SilkS) (width 0.12))
    (fp_line (start 0.525 0.27) (end -0.525 0.27) (layer F.Fab) (width 0.1))
    (fp_line (start 0.525 -0.27) (end 0.525 0.27) (layer F.Fab) (width 0.1))
    (fp_line (start -0.525 -0.27) (end 0.525 -0.27) (layer F.Fab) (width 0.1))
    (fp_line (start -0.525 0.27) (end -0.525 -0.27) (layer F.Fab) (width 0.1))
    (fp_text user %R (at 0 0) (layer F.Fab)
      (effects (font (size 0.26 0.26) (thickness 0.04)))
    )
    (pad 1 smd roundrect (at -0.5975 0) (size 0.715 0.64) (layers F.Cu F.Paste F.Mask) (roundrect_rratio 0.25)
      (net 2 GND))
    (pad 2 smd roundrect (at 0.5975 0) (size 0.715 0.64) (layers F.Cu F.Paste F.Mask) (roundrect_rratio 0.25)
      (net 15 "Net-(C611-Pad1)"))
    (model ${KISYS3DMOD}/Resistor_SMD.3dshapes/R_0402_1005Metric.wrl
      (at (xyz 0 0 0))
      (scale (xyz 1 1 1))
      (rotate (xyz 0 0 0))
    )
  )

  (module Resistor_SMD:R_0402_1005Metric_Pad0.72x0.64mm_HandSolder (layer F.Cu) (tedit 5F6BB9E0) (tstamp 60439DC3)
    (at 111.984 103.829)
    (descr "Resistor SMD 0402 (1005 Metric), square (rectangular) end terminal, IPC_7351 nominal with elongated pad for handsoldering. (Body size source: IPC-SM-782 page 72, https://www.pcb-3d.com/wordpress/wp-content/uploads/ipc-sm-782a_amendment_1_and_2.pdf), generated with kicad-footprint-generator")
    (tags "resistor handsolder")
    (path /6082CCD0)
    (attr smd)
    (fp_text reference R613 (at 0 -1.17) (layer F.SilkS) hide
      (effects (font (size 1 1) (thickness 0.15)))
    )
    (fp_text value 4.7k (at 0 1.17) (layer F.Fab) hide
      (effects (font (size 1 1) (thickness 0.15)))
    )
    (fp_line (start 1.1 0.47) (end -1.1 0.47) (layer F.CrtYd) (width 0.05))
    (fp_line (start 1.1 -0.47) (end 1.1 0.47) (layer F.CrtYd) (width 0.05))
    (fp_line (start -1.1 -0.47) (end 1.1 -0.47) (layer F.CrtYd) (width 0.05))
    (fp_line (start -1.1 0.47) (end -1.1 -0.47) (layer F.CrtYd) (width 0.05))
    (fp_line (start -0.167621 0.38) (end 0.167621 0.38) (layer F.SilkS) (width 0.12))
    (fp_line (start -0.167621 -0.38) (end 0.167621 -0.38) (layer F.SilkS) (width 0.12))
    (fp_line (start 0.525 0.27) (end -0.525 0.27) (layer F.Fab) (width 0.1))
    (fp_line (start 0.525 -0.27) (end 0.525 0.27) (layer F.Fab) (width 0.1))
    (fp_line (start -0.525 -0.27) (end 0.525 -0.27) (layer F.Fab) (width 0.1))
    (fp_line (start -0.525 0.27) (end -0.525 -0.27) (layer F.Fab) (width 0.1))
    (fp_text user %R (at 0 0) (layer F.Fab)
      (effects (font (size 0.26 0.26) (thickness 0.04)))
    )
    (pad 1 smd roundrect (at -0.5975 0) (size 0.715 0.64) (layers F.Cu F.Paste F.Mask) (roundrect_rratio 0.25)
      (net 13 "Net-(C610-Pad1)"))
    (pad 2 smd roundrect (at 0.5975 0) (size 0.715 0.64) (layers F.Cu F.Paste F.Mask) (roundrect_rratio 0.25)
      (net 15 "Net-(C611-Pad1)"))
    (model ${KISYS3DMOD}/Resistor_SMD.3dshapes/R_0402_1005Metric.wrl
      (at (xyz 0 0 0))
      (scale (xyz 1 1 1))
      (rotate (xyz 0 0 0))
    )
  )

  (module Resistor_SMD:R_0402_1005Metric_Pad0.72x0.64mm_HandSolder (layer F.Cu) (tedit 5F6BB9E0) (tstamp 60439DB2)
    (at 111.984 105.226 180)
    (descr "Resistor SMD 0402 (1005 Metric), square (rectangular) end terminal, IPC_7351 nominal with elongated pad for handsoldering. (Body size source: IPC-SM-782 page 72, https://www.pcb-3d.com/wordpress/wp-content/uploads/ipc-sm-782a_amendment_1_and_2.pdf), generated with kicad-footprint-generator")
    (tags "resistor handsolder")
    (path /6082C355)
    (attr smd)
    (fp_text reference R612 (at 0 -1.17) (layer F.SilkS) hide
      (effects (font (size 1 1) (thickness 0.15)))
    )
    (fp_text value 4.7k (at 0 1.17) (layer F.Fab) hide
      (effects (font (size 1 1) (thickness 0.15)))
    )
    (fp_line (start -0.525 0.27) (end -0.525 -0.27) (layer F.Fab) (width 0.1))
    (fp_line (start -0.525 -0.27) (end 0.525 -0.27) (layer F.Fab) (width 0.1))
    (fp_line (start 0.525 -0.27) (end 0.525 0.27) (layer F.Fab) (width 0.1))
